{
 "cells": [
  {
   "cell_type": "code",
   "execution_count": 1,
   "metadata": {},
   "outputs": [],
   "source": [
    "import numpy as np\n",
    "import pandas as pd\n",
    "from time import time\n",
    "from collections import deque\n",
    "from functools import reduce\n",
    "from sklearn import tree\n",
    "\n",
    "from DecisionTreeClassifier import DecisionTreeClassifier"
   ]
  },
  {
   "cell_type": "code",
   "execution_count": 2,
   "metadata": {},
   "outputs": [],
   "source": [
    "def train_test_split(X, ratio=0.8):\n",
    "    X_shuffled = np.copy(X)\n",
    "    np.random.shuffle(X_shuffled)\n",
    "    return X_shuffled[:int(len(X_shuffled) * ratio)], X_shuffled[int(len(X_shuffled) * ratio):]"
   ]
  },
  {
   "cell_type": "code",
   "execution_count": 3,
   "metadata": {},
   "outputs": [],
   "source": [
    "df = pd.read_csv('weatherAUS.csv')"
   ]
  },
  {
   "cell_type": "code",
   "execution_count": 4,
   "metadata": {},
   "outputs": [],
   "source": [
    "df.dropna(inplace=True)"
   ]
  },
  {
   "cell_type": "code",
   "execution_count": 5,
   "metadata": {},
   "outputs": [],
   "source": [
    "for feature in ['Location', 'WindGustDir', 'WindGustSpeed', 'WindDir9am', 'WindDir3pm', 'RainToday', 'RainTomorrow']:\n",
    "    df[feature] = df[feature].astype('category')\n",
    "    df[feature] = df[feature].cat.codes"
   ]
  },
  {
   "cell_type": "code",
   "execution_count": 6,
   "metadata": {},
   "outputs": [
    {
     "data": {
      "text/html": [
       "<div>\n",
       "<style scoped>\n",
       "    .dataframe tbody tr th:only-of-type {\n",
       "        vertical-align: middle;\n",
       "    }\n",
       "\n",
       "    .dataframe tbody tr th {\n",
       "        vertical-align: top;\n",
       "    }\n",
       "\n",
       "    .dataframe thead th {\n",
       "        text-align: right;\n",
       "    }\n",
       "</style>\n",
       "<table border=\"1\" class=\"dataframe\">\n",
       "  <thead>\n",
       "    <tr style=\"text-align: right;\">\n",
       "      <th></th>\n",
       "      <th>Location</th>\n",
       "      <th>MinTemp</th>\n",
       "      <th>MaxTemp</th>\n",
       "      <th>Rainfall</th>\n",
       "      <th>Evaporation</th>\n",
       "      <th>Sunshine</th>\n",
       "      <th>WindGustDir</th>\n",
       "      <th>WindGustSpeed</th>\n",
       "      <th>WindDir9am</th>\n",
       "      <th>WindDir3pm</th>\n",
       "      <th>...</th>\n",
       "      <th>Humidity3pm</th>\n",
       "      <th>Pressure9am</th>\n",
       "      <th>Pressure3pm</th>\n",
       "      <th>Cloud9am</th>\n",
       "      <th>Cloud3pm</th>\n",
       "      <th>Temp9am</th>\n",
       "      <th>Temp3pm</th>\n",
       "      <th>RainToday</th>\n",
       "      <th>RISK_MM</th>\n",
       "      <th>RainTomorrow</th>\n",
       "    </tr>\n",
       "  </thead>\n",
       "  <tbody>\n",
       "    <tr>\n",
       "      <th>Location</th>\n",
       "      <td>1.000000</td>\n",
       "      <td>-0.155954</td>\n",
       "      <td>-0.147500</td>\n",
       "      <td>-0.043314</td>\n",
       "      <td>-0.011509</td>\n",
       "      <td>-0.033941</td>\n",
       "      <td>0.099918</td>\n",
       "      <td>0.085564</td>\n",
       "      <td>-0.033247</td>\n",
       "      <td>0.085732</td>\n",
       "      <td>...</td>\n",
       "      <td>0.026147</td>\n",
       "      <td>0.088567</td>\n",
       "      <td>0.120987</td>\n",
       "      <td>0.018257</td>\n",
       "      <td>0.010527</td>\n",
       "      <td>-0.194449</td>\n",
       "      <td>-0.148955</td>\n",
       "      <td>-0.006037</td>\n",
       "      <td>-0.032842</td>\n",
       "      <td>-0.005100</td>\n",
       "    </tr>\n",
       "    <tr>\n",
       "      <th>MinTemp</th>\n",
       "      <td>-0.155954</td>\n",
       "      <td>1.000000</td>\n",
       "      <td>0.749687</td>\n",
       "      <td>0.110800</td>\n",
       "      <td>0.506764</td>\n",
       "      <td>0.076087</td>\n",
       "      <td>-0.190554</td>\n",
       "      <td>0.118389</td>\n",
       "      <td>-0.058310</td>\n",
       "      <td>-0.194123</td>\n",
       "      <td>...</td>\n",
       "      <td>0.070827</td>\n",
       "      <td>-0.475661</td>\n",
       "      <td>-0.495577</td>\n",
       "      <td>0.106177</td>\n",
       "      <td>0.042173</td>\n",
       "      <td>0.906295</td>\n",
       "      <td>0.727222</td>\n",
       "      <td>0.048953</td>\n",
       "      <td>0.142357</td>\n",
       "      <td>0.087428</td>\n",
       "    </tr>\n",
       "    <tr>\n",
       "      <th>MaxTemp</th>\n",
       "      <td>-0.147500</td>\n",
       "      <td>0.749687</td>\n",
       "      <td>1.000000</td>\n",
       "      <td>-0.069981</td>\n",
       "      <td>0.650964</td>\n",
       "      <td>0.463913</td>\n",
       "      <td>-0.244508</td>\n",
       "      <td>0.035874</td>\n",
       "      <td>-0.246043</td>\n",
       "      <td>-0.200750</td>\n",
       "      <td>...</td>\n",
       "      <td>-0.448116</td>\n",
       "      <td>-0.350980</td>\n",
       "      <td>-0.451691</td>\n",
       "      <td>-0.263634</td>\n",
       "      <td>-0.257752</td>\n",
       "      <td>0.893387</td>\n",
       "      <td>0.984841</td>\n",
       "      <td>-0.221810</td>\n",
       "      <td>-0.016697</td>\n",
       "      <td>-0.147467</td>\n",
       "    </tr>\n",
       "    <tr>\n",
       "      <th>Rainfall</th>\n",
       "      <td>-0.043314</td>\n",
       "      <td>0.110800</td>\n",
       "      <td>-0.069981</td>\n",
       "      <td>1.000000</td>\n",
       "      <td>-0.077239</td>\n",
       "      <td>-0.246379</td>\n",
       "      <td>0.067350</td>\n",
       "      <td>0.106213</td>\n",
       "      <td>0.098980</td>\n",
       "      <td>0.059229</td>\n",
       "      <td>...</td>\n",
       "      <td>0.277625</td>\n",
       "      <td>-0.180606</td>\n",
       "      <td>-0.137302</td>\n",
       "      <td>0.217169</td>\n",
       "      <td>0.191433</td>\n",
       "      <td>0.013713</td>\n",
       "      <td>-0.074627</td>\n",
       "      <td>0.550515</td>\n",
       "      <td>0.304971</td>\n",
       "      <td>0.254342</td>\n",
       "    </tr>\n",
       "    <tr>\n",
       "      <th>Evaporation</th>\n",
       "      <td>-0.011509</td>\n",
       "      <td>0.506764</td>\n",
       "      <td>0.650964</td>\n",
       "      <td>-0.077239</td>\n",
       "      <td>1.000000</td>\n",
       "      <td>0.369250</td>\n",
       "      <td>-0.104656</td>\n",
       "      <td>0.209869</td>\n",
       "      <td>-0.130683</td>\n",
       "      <td>-0.072357</td>\n",
       "      <td>...</td>\n",
       "      <td>-0.422436</td>\n",
       "      <td>-0.297319</td>\n",
       "      <td>-0.325954</td>\n",
       "      <td>-0.199809</td>\n",
       "      <td>-0.202366</td>\n",
       "      <td>0.593122</td>\n",
       "      <td>0.630727</td>\n",
       "      <td>-0.218079</td>\n",
       "      <td>-0.044199</td>\n",
       "      <td>-0.130002</td>\n",
       "    </tr>\n",
       "    <tr>\n",
       "      <th>Sunshine</th>\n",
       "      <td>-0.033941</td>\n",
       "      <td>0.076087</td>\n",
       "      <td>0.463913</td>\n",
       "      <td>-0.246379</td>\n",
       "      <td>0.369250</td>\n",
       "      <td>1.000000</td>\n",
       "      <td>-0.087355</td>\n",
       "      <td>-0.052108</td>\n",
       "      <td>-0.108689</td>\n",
       "      <td>-0.050795</td>\n",
       "      <td>...</td>\n",
       "      <td>-0.629299</td>\n",
       "      <td>0.043330</td>\n",
       "      <td>-0.020632</td>\n",
       "      <td>-0.677939</td>\n",
       "      <td>-0.702022</td>\n",
       "      <td>0.289038</td>\n",
       "      <td>0.486129</td>\n",
       "      <td>-0.328904</td>\n",
       "      <td>-0.299330</td>\n",
       "      <td>-0.453407</td>\n",
       "    </tr>\n",
       "    <tr>\n",
       "      <th>WindGustDir</th>\n",
       "      <td>0.099918</td>\n",
       "      <td>-0.190554</td>\n",
       "      <td>-0.244508</td>\n",
       "      <td>0.067350</td>\n",
       "      <td>-0.104656</td>\n",
       "      <td>-0.087355</td>\n",
       "      <td>1.000000</td>\n",
       "      <td>0.119771</td>\n",
       "      <td>0.430859</td>\n",
       "      <td>0.619892</td>\n",
       "      <td>...</td>\n",
       "      <td>0.053719</td>\n",
       "      <td>-0.118875</td>\n",
       "      <td>-0.022979</td>\n",
       "      <td>0.078431</td>\n",
       "      <td>0.079285</td>\n",
       "      <td>-0.233490</td>\n",
       "      <td>-0.258929</td>\n",
       "      <td>0.148775</td>\n",
       "      <td>-0.003497</td>\n",
       "      <td>0.061751</td>\n",
       "    </tr>\n",
       "    <tr>\n",
       "      <th>WindGustSpeed</th>\n",
       "      <td>0.085564</td>\n",
       "      <td>0.118389</td>\n",
       "      <td>0.035874</td>\n",
       "      <td>0.106213</td>\n",
       "      <td>0.209869</td>\n",
       "      <td>-0.052108</td>\n",
       "      <td>0.119771</td>\n",
       "      <td>1.000000</td>\n",
       "      <td>0.023495</td>\n",
       "      <td>0.113683</td>\n",
       "      <td>...</td>\n",
       "      <td>-0.042797</td>\n",
       "      <td>-0.430544</td>\n",
       "      <td>-0.383901</td>\n",
       "      <td>0.088075</td>\n",
       "      <td>0.131439</td>\n",
       "      <td>0.085912</td>\n",
       "      <td>-0.000060</td>\n",
       "      <td>0.146271</td>\n",
       "      <td>0.138414</td>\n",
       "      <td>0.233167</td>\n",
       "    </tr>\n",
       "    <tr>\n",
       "      <th>WindDir9am</th>\n",
       "      <td>-0.033247</td>\n",
       "      <td>-0.058310</td>\n",
       "      <td>-0.246043</td>\n",
       "      <td>0.098980</td>\n",
       "      <td>-0.130683</td>\n",
       "      <td>-0.108689</td>\n",
       "      <td>0.430859</td>\n",
       "      <td>0.023495</td>\n",
       "      <td>1.000000</td>\n",
       "      <td>0.320818</td>\n",
       "      <td>...</td>\n",
       "      <td>0.189645</td>\n",
       "      <td>-0.034289</td>\n",
       "      <td>0.060506</td>\n",
       "      <td>0.115243</td>\n",
       "      <td>0.069308</td>\n",
       "      <td>-0.152185</td>\n",
       "      <td>-0.252951</td>\n",
       "      <td>0.181461</td>\n",
       "      <td>-0.000715</td>\n",
       "      <td>0.035992</td>\n",
       "    </tr>\n",
       "    <tr>\n",
       "      <th>WindDir3pm</th>\n",
       "      <td>0.085732</td>\n",
       "      <td>-0.194123</td>\n",
       "      <td>-0.200750</td>\n",
       "      <td>0.059229</td>\n",
       "      <td>-0.072357</td>\n",
       "      <td>-0.050795</td>\n",
       "      <td>0.619892</td>\n",
       "      <td>0.113683</td>\n",
       "      <td>0.320818</td>\n",
       "      <td>1.000000</td>\n",
       "      <td>...</td>\n",
       "      <td>-0.004667</td>\n",
       "      <td>-0.120668</td>\n",
       "      <td>-0.021374</td>\n",
       "      <td>0.049014</td>\n",
       "      <td>0.057746</td>\n",
       "      <td>-0.212512</td>\n",
       "      <td>-0.214044</td>\n",
       "      <td>0.128209</td>\n",
       "      <td>-0.021684</td>\n",
       "      <td>0.032203</td>\n",
       "    </tr>\n",
       "    <tr>\n",
       "      <th>WindSpeed9am</th>\n",
       "      <td>0.061993</td>\n",
       "      <td>0.108522</td>\n",
       "      <td>-0.008171</td>\n",
       "      <td>0.050584</td>\n",
       "      <td>0.193154</td>\n",
       "      <td>-0.013842</td>\n",
       "      <td>0.007952</td>\n",
       "      <td>0.608836</td>\n",
       "      <td>-0.007907</td>\n",
       "      <td>0.031568</td>\n",
       "      <td>...</td>\n",
       "      <td>-0.058449</td>\n",
       "      <td>-0.201518</td>\n",
       "      <td>-0.155484</td>\n",
       "      <td>0.034908</td>\n",
       "      <td>0.062507</td>\n",
       "      <td>0.053749</td>\n",
       "      <td>-0.018357</td>\n",
       "      <td>0.083125</td>\n",
       "      <td>0.038842</td>\n",
       "      <td>0.083904</td>\n",
       "    </tr>\n",
       "    <tr>\n",
       "      <th>WindSpeed3pm</th>\n",
       "      <td>0.099761</td>\n",
       "      <td>0.137273</td>\n",
       "      <td>0.012266</td>\n",
       "      <td>0.044112</td>\n",
       "      <td>0.124345</td>\n",
       "      <td>0.029200</td>\n",
       "      <td>0.085679</td>\n",
       "      <td>0.685498</td>\n",
       "      <td>0.094271</td>\n",
       "      <td>0.067029</td>\n",
       "      <td>...</td>\n",
       "      <td>0.031843</td>\n",
       "      <td>-0.293155</td>\n",
       "      <td>-0.252095</td>\n",
       "      <td>0.068224</td>\n",
       "      <td>0.041475</td>\n",
       "      <td>0.114043</td>\n",
       "      <td>-0.009436</td>\n",
       "      <td>0.085627</td>\n",
       "      <td>0.028658</td>\n",
       "      <td>0.088862</td>\n",
       "    </tr>\n",
       "    <tr>\n",
       "      <th>Humidity9am</th>\n",
       "      <td>0.107279</td>\n",
       "      <td>-0.174991</td>\n",
       "      <td>-0.495781</td>\n",
       "      <td>0.263625</td>\n",
       "      <td>-0.554232</td>\n",
       "      <td>-0.500343</td>\n",
       "      <td>0.096059</td>\n",
       "      <td>-0.193629</td>\n",
       "      <td>0.165935</td>\n",
       "      <td>0.054109</td>\n",
       "      <td>...</td>\n",
       "      <td>0.685697</td>\n",
       "      <td>0.114575</td>\n",
       "      <td>0.172972</td>\n",
       "      <td>0.438962</td>\n",
       "      <td>0.348707</td>\n",
       "      <td>-0.423598</td>\n",
       "      <td>-0.487758</td>\n",
       "      <td>0.379451</td>\n",
       "      <td>0.181268</td>\n",
       "      <td>0.271033</td>\n",
       "    </tr>\n",
       "    <tr>\n",
       "      <th>Humidity3pm</th>\n",
       "      <td>0.026147</td>\n",
       "      <td>0.070827</td>\n",
       "      <td>-0.448116</td>\n",
       "      <td>0.277625</td>\n",
       "      <td>-0.422436</td>\n",
       "      <td>-0.629299</td>\n",
       "      <td>0.053719</td>\n",
       "      <td>-0.042797</td>\n",
       "      <td>0.189645</td>\n",
       "      <td>-0.004667</td>\n",
       "      <td>...</td>\n",
       "      <td>1.000000</td>\n",
       "      <td>-0.063454</td>\n",
       "      <td>0.024109</td>\n",
       "      <td>0.509223</td>\n",
       "      <td>0.510996</td>\n",
       "      <td>-0.151614</td>\n",
       "      <td>-0.497245</td>\n",
       "      <td>0.385440</td>\n",
       "      <td>0.313669</td>\n",
       "      <td>0.455358</td>\n",
       "    </tr>\n",
       "    <tr>\n",
       "      <th>Pressure9am</th>\n",
       "      <td>0.088567</td>\n",
       "      <td>-0.475661</td>\n",
       "      <td>-0.350980</td>\n",
       "      <td>-0.180606</td>\n",
       "      <td>-0.297319</td>\n",
       "      <td>0.043330</td>\n",
       "      <td>-0.118875</td>\n",
       "      <td>-0.430544</td>\n",
       "      <td>-0.034289</td>\n",
       "      <td>-0.120668</td>\n",
       "      <td>...</td>\n",
       "      <td>-0.063454</td>\n",
       "      <td>1.000000</td>\n",
       "      <td>0.961538</td>\n",
       "      <td>-0.150427</td>\n",
       "      <td>-0.166334</td>\n",
       "      <td>-0.443410</td>\n",
       "      <td>-0.310774</td>\n",
       "      <td>-0.186848</td>\n",
       "      <td>-0.171706</td>\n",
       "      <td>-0.254816</td>\n",
       "    </tr>\n",
       "    <tr>\n",
       "      <th>Pressure3pm</th>\n",
       "      <td>0.120987</td>\n",
       "      <td>-0.495577</td>\n",
       "      <td>-0.451691</td>\n",
       "      <td>-0.137302</td>\n",
       "      <td>-0.325954</td>\n",
       "      <td>-0.020632</td>\n",
       "      <td>-0.022979</td>\n",
       "      <td>-0.383901</td>\n",
       "      <td>0.060506</td>\n",
       "      <td>-0.021374</td>\n",
       "      <td>...</td>\n",
       "      <td>0.024109</td>\n",
       "      <td>0.961538</td>\n",
       "      <td>1.000000</td>\n",
       "      <td>-0.081791</td>\n",
       "      <td>-0.103173</td>\n",
       "      <td>-0.500509</td>\n",
       "      <td>-0.421318</td>\n",
       "      <td>-0.104103</td>\n",
       "      <td>-0.171046</td>\n",
       "      <td>-0.230418</td>\n",
       "    </tr>\n",
       "    <tr>\n",
       "      <th>Cloud9am</th>\n",
       "      <td>0.018257</td>\n",
       "      <td>0.106177</td>\n",
       "      <td>-0.263634</td>\n",
       "      <td>0.217169</td>\n",
       "      <td>-0.199809</td>\n",
       "      <td>-0.677939</td>\n",
       "      <td>0.078431</td>\n",
       "      <td>0.088075</td>\n",
       "      <td>0.115243</td>\n",
       "      <td>0.049014</td>\n",
       "      <td>...</td>\n",
       "      <td>0.509223</td>\n",
       "      <td>-0.150427</td>\n",
       "      <td>-0.081791</td>\n",
       "      <td>1.000000</td>\n",
       "      <td>0.614380</td>\n",
       "      <td>-0.109591</td>\n",
       "      <td>-0.281213</td>\n",
       "      <td>0.297794</td>\n",
       "      <td>0.205997</td>\n",
       "      <td>0.323972</td>\n",
       "    </tr>\n",
       "    <tr>\n",
       "      <th>Cloud3pm</th>\n",
       "      <td>0.010527</td>\n",
       "      <td>0.042173</td>\n",
       "      <td>-0.257752</td>\n",
       "      <td>0.191433</td>\n",
       "      <td>-0.202366</td>\n",
       "      <td>-0.702022</td>\n",
       "      <td>0.079285</td>\n",
       "      <td>0.131439</td>\n",
       "      <td>0.069308</td>\n",
       "      <td>0.057746</td>\n",
       "      <td>...</td>\n",
       "      <td>0.510996</td>\n",
       "      <td>-0.166334</td>\n",
       "      <td>-0.103173</td>\n",
       "      <td>0.614380</td>\n",
       "      <td>1.000000</td>\n",
       "      <td>-0.107885</td>\n",
       "      <td>-0.297230</td>\n",
       "      <td>0.272034</td>\n",
       "      <td>0.241334</td>\n",
       "      <td>0.388574</td>\n",
       "    </tr>\n",
       "    <tr>\n",
       "      <th>Temp9am</th>\n",
       "      <td>-0.194449</td>\n",
       "      <td>0.906295</td>\n",
       "      <td>0.893387</td>\n",
       "      <td>0.013713</td>\n",
       "      <td>0.593122</td>\n",
       "      <td>0.289038</td>\n",
       "      <td>-0.233490</td>\n",
       "      <td>0.085912</td>\n",
       "      <td>-0.152185</td>\n",
       "      <td>-0.212512</td>\n",
       "      <td>...</td>\n",
       "      <td>-0.151614</td>\n",
       "      <td>-0.443410</td>\n",
       "      <td>-0.500509</td>\n",
       "      <td>-0.109591</td>\n",
       "      <td>-0.107885</td>\n",
       "      <td>1.000000</td>\n",
       "      <td>0.870620</td>\n",
       "      <td>-0.096946</td>\n",
       "      <td>0.071622</td>\n",
       "      <td>-0.018179</td>\n",
       "    </tr>\n",
       "    <tr>\n",
       "      <th>Temp3pm</th>\n",
       "      <td>-0.148955</td>\n",
       "      <td>0.727222</td>\n",
       "      <td>0.984841</td>\n",
       "      <td>-0.074627</td>\n",
       "      <td>0.630727</td>\n",
       "      <td>0.486129</td>\n",
       "      <td>-0.258929</td>\n",
       "      <td>-0.000060</td>\n",
       "      <td>-0.252951</td>\n",
       "      <td>-0.214044</td>\n",
       "      <td>...</td>\n",
       "      <td>-0.497245</td>\n",
       "      <td>-0.310774</td>\n",
       "      <td>-0.421318</td>\n",
       "      <td>-0.281213</td>\n",
       "      <td>-0.297230</td>\n",
       "      <td>0.870620</td>\n",
       "      <td>1.000000</td>\n",
       "      <td>-0.228515</td>\n",
       "      <td>-0.039749</td>\n",
       "      <td>-0.183586</td>\n",
       "    </tr>\n",
       "    <tr>\n",
       "      <th>RainToday</th>\n",
       "      <td>-0.006037</td>\n",
       "      <td>0.048953</td>\n",
       "      <td>-0.221810</td>\n",
       "      <td>0.550515</td>\n",
       "      <td>-0.218079</td>\n",
       "      <td>-0.328904</td>\n",
       "      <td>0.148775</td>\n",
       "      <td>0.146271</td>\n",
       "      <td>0.181461</td>\n",
       "      <td>0.128209</td>\n",
       "      <td>...</td>\n",
       "      <td>0.385440</td>\n",
       "      <td>-0.186848</td>\n",
       "      <td>-0.104103</td>\n",
       "      <td>0.297794</td>\n",
       "      <td>0.272034</td>\n",
       "      <td>-0.096946</td>\n",
       "      <td>-0.228515</td>\n",
       "      <td>1.000000</td>\n",
       "      <td>0.217972</td>\n",
       "      <td>0.309098</td>\n",
       "    </tr>\n",
       "    <tr>\n",
       "      <th>RISK_MM</th>\n",
       "      <td>-0.032842</td>\n",
       "      <td>0.142357</td>\n",
       "      <td>-0.016697</td>\n",
       "      <td>0.304971</td>\n",
       "      <td>-0.044199</td>\n",
       "      <td>-0.299330</td>\n",
       "      <td>-0.003497</td>\n",
       "      <td>0.138414</td>\n",
       "      <td>-0.000715</td>\n",
       "      <td>-0.021684</td>\n",
       "      <td>...</td>\n",
       "      <td>0.313669</td>\n",
       "      <td>-0.171706</td>\n",
       "      <td>-0.171046</td>\n",
       "      <td>0.205997</td>\n",
       "      <td>0.241334</td>\n",
       "      <td>0.071622</td>\n",
       "      <td>-0.039749</td>\n",
       "      <td>0.217972</td>\n",
       "      <td>1.000000</td>\n",
       "      <td>0.489721</td>\n",
       "    </tr>\n",
       "    <tr>\n",
       "      <th>RainTomorrow</th>\n",
       "      <td>-0.005100</td>\n",
       "      <td>0.087428</td>\n",
       "      <td>-0.147467</td>\n",
       "      <td>0.254342</td>\n",
       "      <td>-0.130002</td>\n",
       "      <td>-0.453407</td>\n",
       "      <td>0.061751</td>\n",
       "      <td>0.233167</td>\n",
       "      <td>0.035992</td>\n",
       "      <td>0.032203</td>\n",
       "      <td>...</td>\n",
       "      <td>0.455358</td>\n",
       "      <td>-0.254816</td>\n",
       "      <td>-0.230418</td>\n",
       "      <td>0.323972</td>\n",
       "      <td>0.388574</td>\n",
       "      <td>-0.018179</td>\n",
       "      <td>-0.183586</td>\n",
       "      <td>0.309098</td>\n",
       "      <td>0.489721</td>\n",
       "      <td>1.000000</td>\n",
       "    </tr>\n",
       "  </tbody>\n",
       "</table>\n",
       "<p>23 rows × 23 columns</p>\n",
       "</div>"
      ],
      "text/plain": [
       "               Location   MinTemp   MaxTemp  Rainfall  Evaporation  Sunshine  \\\n",
       "Location       1.000000 -0.155954 -0.147500 -0.043314    -0.011509 -0.033941   \n",
       "MinTemp       -0.155954  1.000000  0.749687  0.110800     0.506764  0.076087   \n",
       "MaxTemp       -0.147500  0.749687  1.000000 -0.069981     0.650964  0.463913   \n",
       "Rainfall      -0.043314  0.110800 -0.069981  1.000000    -0.077239 -0.246379   \n",
       "Evaporation   -0.011509  0.506764  0.650964 -0.077239     1.000000  0.369250   \n",
       "Sunshine      -0.033941  0.076087  0.463913 -0.246379     0.369250  1.000000   \n",
       "WindGustDir    0.099918 -0.190554 -0.244508  0.067350    -0.104656 -0.087355   \n",
       "WindGustSpeed  0.085564  0.118389  0.035874  0.106213     0.209869 -0.052108   \n",
       "WindDir9am    -0.033247 -0.058310 -0.246043  0.098980    -0.130683 -0.108689   \n",
       "WindDir3pm     0.085732 -0.194123 -0.200750  0.059229    -0.072357 -0.050795   \n",
       "WindSpeed9am   0.061993  0.108522 -0.008171  0.050584     0.193154 -0.013842   \n",
       "WindSpeed3pm   0.099761  0.137273  0.012266  0.044112     0.124345  0.029200   \n",
       "Humidity9am    0.107279 -0.174991 -0.495781  0.263625    -0.554232 -0.500343   \n",
       "Humidity3pm    0.026147  0.070827 -0.448116  0.277625    -0.422436 -0.629299   \n",
       "Pressure9am    0.088567 -0.475661 -0.350980 -0.180606    -0.297319  0.043330   \n",
       "Pressure3pm    0.120987 -0.495577 -0.451691 -0.137302    -0.325954 -0.020632   \n",
       "Cloud9am       0.018257  0.106177 -0.263634  0.217169    -0.199809 -0.677939   \n",
       "Cloud3pm       0.010527  0.042173 -0.257752  0.191433    -0.202366 -0.702022   \n",
       "Temp9am       -0.194449  0.906295  0.893387  0.013713     0.593122  0.289038   \n",
       "Temp3pm       -0.148955  0.727222  0.984841 -0.074627     0.630727  0.486129   \n",
       "RainToday     -0.006037  0.048953 -0.221810  0.550515    -0.218079 -0.328904   \n",
       "RISK_MM       -0.032842  0.142357 -0.016697  0.304971    -0.044199 -0.299330   \n",
       "RainTomorrow  -0.005100  0.087428 -0.147467  0.254342    -0.130002 -0.453407   \n",
       "\n",
       "               WindGustDir  WindGustSpeed  WindDir9am  WindDir3pm  ...  \\\n",
       "Location          0.099918       0.085564   -0.033247    0.085732  ...   \n",
       "MinTemp          -0.190554       0.118389   -0.058310   -0.194123  ...   \n",
       "MaxTemp          -0.244508       0.035874   -0.246043   -0.200750  ...   \n",
       "Rainfall          0.067350       0.106213    0.098980    0.059229  ...   \n",
       "Evaporation      -0.104656       0.209869   -0.130683   -0.072357  ...   \n",
       "Sunshine         -0.087355      -0.052108   -0.108689   -0.050795  ...   \n",
       "WindGustDir       1.000000       0.119771    0.430859    0.619892  ...   \n",
       "WindGustSpeed     0.119771       1.000000    0.023495    0.113683  ...   \n",
       "WindDir9am        0.430859       0.023495    1.000000    0.320818  ...   \n",
       "WindDir3pm        0.619892       0.113683    0.320818    1.000000  ...   \n",
       "WindSpeed9am      0.007952       0.608836   -0.007907    0.031568  ...   \n",
       "WindSpeed3pm      0.085679       0.685498    0.094271    0.067029  ...   \n",
       "Humidity9am       0.096059      -0.193629    0.165935    0.054109  ...   \n",
       "Humidity3pm       0.053719      -0.042797    0.189645   -0.004667  ...   \n",
       "Pressure9am      -0.118875      -0.430544   -0.034289   -0.120668  ...   \n",
       "Pressure3pm      -0.022979      -0.383901    0.060506   -0.021374  ...   \n",
       "Cloud9am          0.078431       0.088075    0.115243    0.049014  ...   \n",
       "Cloud3pm          0.079285       0.131439    0.069308    0.057746  ...   \n",
       "Temp9am          -0.233490       0.085912   -0.152185   -0.212512  ...   \n",
       "Temp3pm          -0.258929      -0.000060   -0.252951   -0.214044  ...   \n",
       "RainToday         0.148775       0.146271    0.181461    0.128209  ...   \n",
       "RISK_MM          -0.003497       0.138414   -0.000715   -0.021684  ...   \n",
       "RainTomorrow      0.061751       0.233167    0.035992    0.032203  ...   \n",
       "\n",
       "               Humidity3pm  Pressure9am  Pressure3pm  Cloud9am  Cloud3pm  \\\n",
       "Location          0.026147     0.088567     0.120987  0.018257  0.010527   \n",
       "MinTemp           0.070827    -0.475661    -0.495577  0.106177  0.042173   \n",
       "MaxTemp          -0.448116    -0.350980    -0.451691 -0.263634 -0.257752   \n",
       "Rainfall          0.277625    -0.180606    -0.137302  0.217169  0.191433   \n",
       "Evaporation      -0.422436    -0.297319    -0.325954 -0.199809 -0.202366   \n",
       "Sunshine         -0.629299     0.043330    -0.020632 -0.677939 -0.702022   \n",
       "WindGustDir       0.053719    -0.118875    -0.022979  0.078431  0.079285   \n",
       "WindGustSpeed    -0.042797    -0.430544    -0.383901  0.088075  0.131439   \n",
       "WindDir9am        0.189645    -0.034289     0.060506  0.115243  0.069308   \n",
       "WindDir3pm       -0.004667    -0.120668    -0.021374  0.049014  0.057746   \n",
       "WindSpeed9am     -0.058449    -0.201518    -0.155484  0.034908  0.062507   \n",
       "WindSpeed3pm      0.031843    -0.293155    -0.252095  0.068224  0.041475   \n",
       "Humidity9am       0.685697     0.114575     0.172972  0.438962  0.348707   \n",
       "Humidity3pm       1.000000    -0.063454     0.024109  0.509223  0.510996   \n",
       "Pressure9am      -0.063454     1.000000     0.961538 -0.150427 -0.166334   \n",
       "Pressure3pm       0.024109     0.961538     1.000000 -0.081791 -0.103173   \n",
       "Cloud9am          0.509223    -0.150427    -0.081791  1.000000  0.614380   \n",
       "Cloud3pm          0.510996    -0.166334    -0.103173  0.614380  1.000000   \n",
       "Temp9am          -0.151614    -0.443410    -0.500509 -0.109591 -0.107885   \n",
       "Temp3pm          -0.497245    -0.310774    -0.421318 -0.281213 -0.297230   \n",
       "RainToday         0.385440    -0.186848    -0.104103  0.297794  0.272034   \n",
       "RISK_MM           0.313669    -0.171706    -0.171046  0.205997  0.241334   \n",
       "RainTomorrow      0.455358    -0.254816    -0.230418  0.323972  0.388574   \n",
       "\n",
       "                Temp9am   Temp3pm  RainToday   RISK_MM  RainTomorrow  \n",
       "Location      -0.194449 -0.148955  -0.006037 -0.032842     -0.005100  \n",
       "MinTemp        0.906295  0.727222   0.048953  0.142357      0.087428  \n",
       "MaxTemp        0.893387  0.984841  -0.221810 -0.016697     -0.147467  \n",
       "Rainfall       0.013713 -0.074627   0.550515  0.304971      0.254342  \n",
       "Evaporation    0.593122  0.630727  -0.218079 -0.044199     -0.130002  \n",
       "Sunshine       0.289038  0.486129  -0.328904 -0.299330     -0.453407  \n",
       "WindGustDir   -0.233490 -0.258929   0.148775 -0.003497      0.061751  \n",
       "WindGustSpeed  0.085912 -0.000060   0.146271  0.138414      0.233167  \n",
       "WindDir9am    -0.152185 -0.252951   0.181461 -0.000715      0.035992  \n",
       "WindDir3pm    -0.212512 -0.214044   0.128209 -0.021684      0.032203  \n",
       "WindSpeed9am   0.053749 -0.018357   0.083125  0.038842      0.083904  \n",
       "WindSpeed3pm   0.114043 -0.009436   0.085627  0.028658      0.088862  \n",
       "Humidity9am   -0.423598 -0.487758   0.379451  0.181268      0.271033  \n",
       "Humidity3pm   -0.151614 -0.497245   0.385440  0.313669      0.455358  \n",
       "Pressure9am   -0.443410 -0.310774  -0.186848 -0.171706     -0.254816  \n",
       "Pressure3pm   -0.500509 -0.421318  -0.104103 -0.171046     -0.230418  \n",
       "Cloud9am      -0.109591 -0.281213   0.297794  0.205997      0.323972  \n",
       "Cloud3pm      -0.107885 -0.297230   0.272034  0.241334      0.388574  \n",
       "Temp9am        1.000000  0.870620  -0.096946  0.071622     -0.018179  \n",
       "Temp3pm        0.870620  1.000000  -0.228515 -0.039749     -0.183586  \n",
       "RainToday     -0.096946 -0.228515   1.000000  0.217972      0.309098  \n",
       "RISK_MM        0.071622 -0.039749   0.217972  1.000000      0.489721  \n",
       "RainTomorrow  -0.018179 -0.183586   0.309098  0.489721      1.000000  \n",
       "\n",
       "[23 rows x 23 columns]"
      ]
     },
     "execution_count": 6,
     "metadata": {},
     "output_type": "execute_result"
    }
   ],
   "source": [
    "df.corr()"
   ]
  },
  {
   "cell_type": "code",
   "execution_count": 7,
   "metadata": {},
   "outputs": [],
   "source": [
    "X = df[['WindGustSpeed', 'RainToday', 'Sunshine', 'Humidity3pm']]\n",
    "y = df['RainTomorrow']"
   ]
  },
  {
   "cell_type": "code",
   "execution_count": 8,
   "metadata": {},
   "outputs": [],
   "source": [
    "X_train, X_test = train_test_split(X, ratio=0.9)\n",
    "y_train, y_test = train_test_split(y, ratio=0.9)"
   ]
  },
  {
   "cell_type": "code",
   "execution_count": 13,
   "metadata": {},
   "outputs": [],
   "source": [
    "model = DecisionTreeClassifier(min_members=30, criterion='gini')"
   ]
  },
  {
   "cell_type": "code",
   "execution_count": 14,
   "metadata": {},
   "outputs": [
    {
     "name": "stdout",
     "output_type": "stream",
     "text": [
      "duration:  0.0343317985534668\n"
     ]
    }
   ],
   "source": [
    "a=time()\n",
    "model.fit(X_train, y_train)\n",
    "b=time()\n",
    "\n",
    "print('duration: ', b-a)"
   ]
  },
  {
   "cell_type": "code",
   "execution_count": 15,
   "metadata": {},
   "outputs": [
    {
     "name": "stdout",
     "output_type": "stream",
     "text": [
      "accuracy:  0.771357674583481\n",
      "duration:  0.0004837512969970703\n"
     ]
    }
   ],
   "source": [
    "a=time()\n",
    "accuracy = model.better_score(X_test, y_test)\n",
    "b=time()\n",
    "print('accuracy: ', accuracy)\n",
    "print('duration: ', b-a)"
   ]
  },
  {
   "cell_type": "code",
   "execution_count": 16,
   "metadata": {
    "scrolled": false
   },
   "outputs": [
    {
     "name": "stdout",
     "output_type": "stream",
     "text": [
      "accuracy:  0.771357674583481\n",
      "duration:  0.0014033317565917969\n"
     ]
    }
   ],
   "source": [
    "a=time()\n",
    "accuracy = model.score(X_test, y_test)\n",
    "b=time()\n",
    "print('accuracy: ', accuracy)\n",
    "print('duration: ', b-a)"
   ]
  },
  {
   "cell_type": "code",
   "execution_count": 13,
   "metadata": {},
   "outputs": [
    {
     "data": {
      "text/plain": [
       "\"\\na=time()\\naccuracy = model.score(X_train, y_train)\\nb=time()\\n\\n\\nprint('time:', b-a)\\nprint('accuracy: ', accuracy)\\n\""
      ]
     },
     "execution_count": 13,
     "metadata": {},
     "output_type": "execute_result"
    }
   ],
   "source": [
    "\"\"\"\n",
    "a=time()\n",
    "accuracy = model.score(X_train, y_train)\n",
    "b=time()\n",
    "\n",
    "\n",
    "print('time:', b-a)\n",
    "print('accuracy: ', accuracy)\n",
    "\"\"\"\n"
   ]
  },
  {
   "cell_type": "code",
   "execution_count": 14,
   "metadata": {},
   "outputs": [
    {
     "data": {
      "text/plain": [
       "\"\\na=time()\\naccuracy = model.score(X_test, y_test)\\nb=time()\\n\\n\\nprint('time:', b-a)\\nprint('accuracy: ', accuracy)\\n\""
      ]
     },
     "execution_count": 14,
     "metadata": {},
     "output_type": "execute_result"
    }
   ],
   "source": [
    "\"\"\"\n",
    "a=time()\n",
    "accuracy = model.score(X_test, y_test)\n",
    "b=time()\n",
    "\n",
    "\n",
    "print('time:', b-a)\n",
    "print('accuracy: ', accuracy)\n",
    "\"\"\""
   ]
  },
  {
   "cell_type": "code",
   "execution_count": 32,
   "metadata": {},
   "outputs": [],
   "source": [
    "model_s = tree.DecisionTreeClassifier(min_samples_leaf=30, criterion='entropy')"
   ]
  },
  {
   "cell_type": "code",
   "execution_count": 33,
   "metadata": {},
   "outputs": [
    {
     "data": {
      "text/plain": [
       "DecisionTreeClassifier(ccp_alpha=0.0, class_weight=None, criterion='entropy',\n",
       "                       max_depth=None, max_features=None, max_leaf_nodes=None,\n",
       "                       min_impurity_decrease=0.0, min_impurity_split=None,\n",
       "                       min_samples_leaf=30, min_samples_split=2,\n",
       "                       min_weight_fraction_leaf=0.0, presort='deprecated',\n",
       "                       random_state=None, splitter='best')"
      ]
     },
     "execution_count": 33,
     "metadata": {},
     "output_type": "execute_result"
    }
   ],
   "source": [
    "model_s.fit(X_train, y_train)"
   ]
  },
  {
   "cell_type": "code",
   "execution_count": 34,
   "metadata": {},
   "outputs": [
    {
     "data": {
      "text/plain": [
       "0.7908543069833393"
      ]
     },
     "execution_count": 34,
     "metadata": {},
     "output_type": "execute_result"
    }
   ],
   "source": [
    "model_s.score(X_test, y_test)"
   ]
  },
  {
   "cell_type": "code",
   "execution_count": null,
   "metadata": {},
   "outputs": [],
   "source": []
  }
 ],
 "metadata": {
  "kernelspec": {
   "display_name": "Python 3.8.1 64-bit",
   "language": "python",
   "name": "python38164bitb67002bdd6e54363b3a4785271f5d5b5"
  },
  "language_info": {
   "codemirror_mode": {
    "name": "ipython",
    "version": 3
   },
   "file_extension": ".py",
   "mimetype": "text/x-python",
   "name": "python",
   "nbconvert_exporter": "python",
   "pygments_lexer": "ipython3",
   "version": "3.8.3"
  }
 },
 "nbformat": 4,
 "nbformat_minor": 2
}
